##BLOCKS= 2          
Note:~End
Plate:	Plate#1	1.3	PlateFormat	Endpoint	Absorbance	Raw	FALSE	1						1	600	1	12	96	1	8	None	
	Temperature(¡C)	1	2	3	4	5	6	7	8	9	10	11	12		
	22.80	0.2835	0.2796	0.2818	0.2912	0.2954	0.3154	0.0455	0.0454	0.0471	0.0484	0.0467	0.0463		
		0.2822	0.2704	0.2853	0.2821	0.2924	0.3058	0.0465	0.0469	0.0475	0.0483	0.0464	0.0466		
		0.2873	0.2796	0.2888	0.2869	0.3169	0.3075	0.0466	0.0468	0.0472	0.0477	0.0466	0.047		
		0.284	0.2753	0.2906	0.2847	0.3035	0.3107	0.0456	0.0502	0.0477	0.048	0.049	0.0465		
		0.0367	0.0468	0.0469	0.0471	0.0465	0.0453	0.0461	0.0491	0.048	0.0484	0.0472	0.0464		
		0.0467	0.0469	0.0471	0.0469	0.0473	0.0472	0.0484	0.0477	0.0476	0.0478	0.0474	0.0467		
		0.0464	0.0459	0.0465	0.0469	0.0469	0.0466	0.0467	0.0469	0.0477	0.0478	0.0468	0.0463		
		0.0461	0.0461	0.0463	0.0464	0.0454	0.0463	0.0457	0.0471	0.0459	0.0463	0.0468	0.0464		
		
~End
