##BLOCKS= 3          
Note:~End
Plate:	Plate#1	1.3	PlateFormat	Endpoint	Absorbance	Raw	FALSE	1						1	600	1	12	96	1	8	None	
	Temperature(¡C)	1	2	3	4	5	6	7	8	9	10	11	12		
	22.30	0.0764	0.0635	0.0639	0.0646	0.0644	0.0656	0.0454	0.0451	0.0451	0.0456	0.0467	0.0462		
		0.0677	0.0685	0.0706	0.0699	0.0701	0.0699	0.0464	0.0467	0.0473	0.047	0.0465	0.0465		
		0.0697	0.0698	0.0705	0.0717	0.0724	0.0712	0.0466	0.0468	0.0466	0.0471	0.0462	0.0463		
		0.0691	0.0707	0.0705	0.0718	0.0707	0.0695	0.045	0.0471	0.0475	0.0475	0.0471	0.0465		
		0.0465	0.047	0.0472	0.0472	0.0468	0.0449	0.0453	0.0475	0.0475	0.0474	0.0473	0.0463		
		0.0467	0.0469	0.0471	0.047	0.0473	0.0471	0.0474	0.0477	0.0475	0.0478	0.0475	0.0467		
		0.0463	0.0459	0.0465	0.047	0.047	0.0464	0.0467	0.0467	0.0471	0.0473	0.0469	0.0464		
		0.046	0.046	0.0462	0.0463	0.0454	0.0462	0.0456	0.0459	0.0458	0.0462	0.0468	0.0464		
		
~End
Cuvette:	CuvetteSet#1	1.3	TimeFormat	Endpoint	Absorbance	Raw	TRUE	1						1	600	1	12	2	1	8	None	
	Temperature(¡C)	A1	A2	
	21.80	0.0841	0.0983	


	21.80	0.084	0.084	

~End
