##BLOCKS= 2          
Note:~End
Plate:	Plate#1	1.3	PlateFormat	Endpoint	Absorbance	Raw	FALSE	1						1	600	1	12	96	1	8	None	
	Temperature(¡C)	1	2	3	4	5	6	7	8	9	10	11	12		
	22.60	0.1454	0.1457	0.151	0.1514	0.1561	0.1585	0.0452	0.0451	0.047	0.0482	0.0465	0.0461		
		0.1543	0.1497	0.1631	0.1516	0.1565	0.1554	0.0465	0.0468	0.0474	0.0484	0.0465	0.0465		
		0.1572	0.1502	0.1524	0.1567	0.1711	0.1551	0.0466	0.0469	0.0472	0.0476	0.0466	0.0469		
		0.1557	0.1474	0.1623	0.152	0.1575	0.1589	0.0451	0.0478	0.0477	0.0481	0.049	0.0465		
		0.0464	0.0468	0.0471	0.0473	0.0466	0.0452	0.046	0.0475	0.048	0.0484	0.0472	0.0463		
		0.0467	0.0469	0.047	0.0469	0.0473	0.047	0.0484	0.0477	0.0475	0.0477	0.0474	0.0467		
		0.0464	0.0458	0.0465	0.047	0.0468	0.0465	0.0466	0.0468	0.0476	0.0477	0.0468	0.0463		
		0.0461	0.0462	0.0462	0.0463	0.0455	0.0462	0.0458	0.047	0.0459	0.0463	0.0468	0.0464		
		
~End
